118.87
120.28
121.98
123.94
126.13
128.54
131.15
133.95
134.73
94.82
96.22
98.31
100.54
102.86
105.25
107.68
110.13
112.61
115.1
117.59
120.09
122.57
125.04
118.76
120.15
121.83
123.75
125.91
128.28
130.84
133.59
136.52
139.63
142.95
146.49
150.29
154.41
158.95
164.06
170.09
176.63
150.15
148.90
142.82
140.36
139.56
118.74
120.13
121.8
123.73
125.88
128.24
130.8
133.53
136.45
139.55
142.85
146.37
150.14
154.21
158.69
163.71
169.56
176.87
182.10
159.3
153.78
147.2
144.38
200.00
210.00
220.00
230.00
240.00
250.00
260.00
270.00
272.64
272.64
280.00
290.00
300.00
310.00
320.00
330.00
340.00
350.00
360.00
370.00
380.00
390.00
400.00
200.000
210.000
220.000
230.000
240.000
250.000
260.000
270.000
280.000
290.000
300.000
310.000
320.000
330.000
340.000
350.000
360.000
368.760
368.760
370.000
380.000
390.000
400.000
200.000
210.000
220.000
230.000
240.000
250.000
260.000
270.000
280.000
290.000
300.000
310.000
320.000
330.000
340.000
350.000
360.000
370.000
375.611
375.611
380.000
390.000
400.000
